0.305   9.93430603557e-07
0.315   1.34684853492e-06
0.325   2.26842257689e-06
0.335   3.78566505788e-06
0.345   5.14852308697e-06
0.355   6.33926765659e-06
0.365   1.17195231724e-05
0.375   1.10019682324e-05
0.385   2.64303398581e-05
0.395   1.87068908417e-05
0.405   3.33113930537e-05
0.415   2.11990500247e-05
0.425   2.21452755795e-05
0.435   3.3793192415e-05
0.445   2.80249187199e-05
0.455   3.58764518751e-05
0.465   3.50297341356e-05
0.475   4.80651433463e-05
0.485   3.88605221815e-05
0.495   0.000112617883133
0.505   4.5025102736e-05
0.515   0.000172827101778
0.525   4.89624253532e-05
0.535   4.28072344221e-05
0.545   2.67366176558e-05
0.555   2.18080876948e-05
0.565   3.50723203155e-05
0.575   4.99010384374e-05
0.585   2.49991062446e-05
0.595   3.56213968189e-05
0.605   3.32467861881e-05
0.615   2.85447404167e-05
0.625   3.1605381082e-05
0.635   3.09900133288e-05
0.645   3.03917713609e-05
0.655   0.000169289647602
0.665   3.6769441067e-05
0.675   3.22627602145e-05
0.685   3.26473964378e-05
0.695   3.48708599631e-05
0.705   0.00011449050362
0.715   3.37565106747e-05
0.725   0.000276825012406
0.735   0.00012419509585
0.745   3.01382588077e-05
0.755   3.43646970578e-05
0.765   4.76631394122e-05
0.775   6.93677284289e-05
0.785   3.51610251528e-05
0.795   3.83532569685e-05
0.805   9.36704527703e-05
0.815   0.000111809829832
0.825   0.0002969467605
0.835   3.52916395059e-05
0.845   3.53567993443e-05
0.855   4.27489903814e-05
0.865   4.55729423265e-05
0.875   5.83068103879e-05
0.885   7.43622658774e-05
0.895   6.65529296384e-05
0.905   0.000109749998956
0.915   5.49846190552e-05
0.925   0.000186852441402
0.935   3.69321496692e-05
0.945   3.06451802317e-05
0.955   2.83867138933e-05
0.965   3.41388949892e-05
0.975   2.8682537959e-05
0.985   3.23129534081e-05
0.995   7.59878676035e-05
1.005   3.09986353386e-05
1.015   6.21948565822e-05
1.025   0.000361570884706
1.035   2.51177170867e-05
1.045   2.60229408013e-05
1.055   4.42874552391e-05
1.065   2.46154395427e-05
1.075   5.19539134984e-05
1.085   3.20721628668e-05
1.095   2.66211773123e-05
1.105   4.15946742578e-05
1.115   2.93482462439e-05
1.125   4.65688717668e-05
1.135   1.93369141925e-05
1.145   1.98492652999e-05
1.155   2.58065465459e-05
1.165   3.24531392835e-05
1.175   2.62697267317e-05
1.185   1.85178814718e-05
1.195   2.04276511795e-05
1.205   1.71033934748e-05
1.215   6.24573076493e-05
1.225   1.94340209418e-05
1.235   2.4313085305e-05
1.245   1.75670029421e-05
1.255   1.77705878741e-05
1.265   1.58034308697e-05
1.275   2.85084443021e-05
1.285   1.69766553881e-05
1.295   1.50626565301e-05
1.305   2.17068136408e-05
1.315   1.46069187394e-05
1.325   3.68775545212e-05
1.335   1.40015399666e-05
1.345   2.18287041207e-05
1.355   4.65278790216e-05
1.365   1.3951517758e-05
1.375   1.39256171678e-05
1.385   1.52066550072e-05
1.395   1.32144259624e-05
1.405   1.44584691952e-05
1.415   1.299390442e-05
1.425   1.27779658214e-05
1.435   1.25838614622e-05
1.445   1.24724392663e-05
1.455   1.21818502521e-05
1.465   1.15895682029e-05
1.475   2.41133366217e-05
1.485   1.27283028633e-05
1.495   1.27758758026e-05
1.505   1.13737460197e-05
1.515   1.08656740849e-05
1.525   1.06036441139e-05
1.535   1.09514812721e-05
1.545   1.07086789285e-05
1.555   1.13703745228e-05
1.565   1.02934227471e-05
1.575   1.33187950269e-05
1.585   9.42010137805e-06
1.595   9.33611954679e-06
1.605   9.6149797173e-06
1.615   9.22965045902e-06
1.625   8.83897882886e-06
1.635   8.81642881723e-06
1.645   8.54917834658e-06
1.655   1.08905769594e-05
1.665   8.72778309713e-06
1.675   8.22768924991e-06
1.685   8.24839571578e-06
1.695   7.8951334217e-06
1.705   7.93818344391e-06
1.715   7.64458309277e-06
1.725   8.00635370979e-06
1.735   8.02177146397e-06
1.745   9.26690518099e-06
1.755   7.26795860828e-06
1.765   7.22054983271e-06
1.775   7.08095103619e-06
1.785   6.90114757163e-06
1.795   6.78152946421e-06
1.805   6.82125482854e-06
1.815   6.75080946166e-06
1.825   6.8219046625e-06
1.835   1.71776373463e-05
1.845   6.66614459988e-06
1.855   9.89680575003e-06
1.865   2.25932853937e-05
1.875   6.11783752902e-06
1.885   5.9721787693e-06
1.895   5.78014532948e-06
1.905   5.77387254452e-06
1.915   5.6136582316e-06
1.925   5.53243808099e-06
1.935   5.45265265828e-06
1.945   5.37460073247e-06
1.955   5.30402894583e-06
1.965   5.24079496245e-06
1.975   5.17249873155e-06
1.985   5.10155405209e-06
1.995   5.02973125549e-06
2.005   1.9207398509e-05
2.015   4.89280728289e-06
2.025   4.82561972603e-06
2.035   4.83849498778e-06
2.045   4.70303120892e-06
2.055   4.64582763016e-06
2.065   4.58441854789e-06
2.075   4.52552421848e-06
2.085   4.46597277914e-06
2.095   4.40874600827e-06
2.105   4.35075207861e-06
2.115   4.29536385127e-06
2.125   4.49221033705e-06
2.135   4.18447689299e-06
2.145   4.13147927247e-06
2.155   4.07844800066e-06
2.165   4.02552177547e-06
2.175   3.97403482566e-06
2.185   5.93251297687e-06
2.195   3.87389900425e-06
2.205   3.82394455301e-06
2.215   3.77569199372e-06
2.225   3.7278111904e-06
2.235   3.68056134903e-06
2.245   3.63405024473e-06
2.255   3.58816600965e-06
2.265   3.54295775651e-06
2.275   3.49837068825e-06
2.285   4.10851180277e-06
2.295   3.41110171576e-06
2.305   3.36838320436e-06
2.315   3.32696708938e-06
2.325   3.2859543353e-06
2.335   3.24536699736e-06
2.345   3.52643883161e-06
2.355   3.19439800478e-06
2.365   3.12428142024e-06
2.375   4.83544545204e-06
2.385   3.20815524901e-06
2.395   3.01139743897e-06
2.405   2.98630129691e-06
2.415   3.11200574288e-06
2.425   8.25282313599e-06
2.435   2.87718899017e-06
2.445   5.55541600988e-06
2.455   1.49678980961e-05
2.465   2.7788830721e-06
2.475   2.74225340036e-06
2.485   2.70580585493e-06
2.495   2.67425070888e-06
2.505   3.06913739223e-06
2.515   2.61378863797e-06
2.525   2.58367344941e-06
2.535   2.55389682025e-06
2.545   2.52525865108e-06
2.555   2.49625918514e-06
2.565   2.63766992248e-06
2.575   2.43977751779e-06
2.585   2.41210545937e-06
2.595   2.46422382588e-06
2.605   2.35774336943e-06
2.615   2.33105902225e-06
2.625   8.59988813318e-06
2.635   2.27868508773e-06
2.645   2.25298913392e-06
2.655   2.22784615289e-06
2.665   2.20624474423e-06
2.675   2.18878562919e-06
2.685   2.16776561501e-06
2.695   2.14498413698e-06
2.705   2.12242662201e-06
2.715   2.10018856706e-06
2.725   2.07818425224e-06
2.735   2.05644550988e-06
2.745   2.03487115868e-06
2.755   2.01364787245e-06
2.765   1.99262012757e-06
2.775   1.97183703676e-06
2.785   1.95126494873e-06
2.795   1.93093933376e-06
2.805   1.91074332179e-06
2.815   1.89105242043e-06
2.825   2.04453635888e-06
2.835   1.85176122613e-06
2.845   1.83234919859e-06
2.855   1.81353095741e-06
2.865   1.79473340722e-06
2.875   1.77637446086e-06
2.885   3.35094114234e-06
2.895   1.73959517724e-06
2.905   1.72159468548e-06
2.915   1.70381792941e-06
2.925   1.68621784269e-06
2.935   1.66883376096e-06
2.945   1.65162191479e-06
2.955   1.63460401836e-06
2.965   1.61775608376e-06
2.975   1.60111949299e-06
2.985   1.58464104061e-06
2.995   1.56834857989e-06
3.005   1.55221903242e-06
3.015   1.53628400312e-06
3.025   1.52051450186e-06
3.035   1.96055998458e-06
3.045   1.48946844547e-06
3.055   1.47420394114e-06
3.065   1.45908904869e-06
3.075   1.44416708281e-06
3.085   1.42935925851e-06
3.095   1.61966511314e-06
3.105   2.10539201362e-06
3.115   1.38595260069e-06
3.125   1.37182166782e-06
3.135   1.35776770094e-06
3.145   1.34390927542e-06
3.155   1.33018397719e-06
3.165   1.31660738134e-06
3.175   1.30318517222e-06
3.185   1.28989211134e-06
3.195   1.27673729367e-06
3.205   1.26335896766e-06
3.215   1.2502316622e-06
3.225   1.2420780422e-06
3.235   1.23039910704e-06
3.245   1.21875564218e-06
3.255   1.20702657114e-06
3.265   1.19535650356e-06
3.275   1.35351444897e-06
3.285   1.17241381759e-06
3.295   1.16112744308e-06
3.305   1.14993974876e-06
3.315   1.13887040243e-06
3.325   1.12778343464e-06
3.335   1.11704980554e-06
3.345   1.17376214348e-06
3.355   1.09566394713e-06
3.365   1.08512097086e-06
3.375   1.07471578303e-06
3.385   1.06436050373e-06
3.395   1.08537619781e-06
3.405   1.04401067347e-06
3.415   1.03397314888e-06
3.425   1.02404669633e-06
3.435   1.01421130694e-06
3.445   1.00448392004e-06
3.455   9.94842253021e-07
3.465   9.85295400824e-07
3.475   9.75820398708e-07
3.485   9.67974870036e-07
3.495   9.60519741966e-07
3.505   9.52416144173e-07
3.515   9.44055045693e-07
3.525   9.35761761411e-07
3.535   9.27547830543e-07
3.545   9.19425076518e-07
3.555   9.11326310415e-07
3.565   9.03348393422e-07
3.575   8.95433174719e-07
3.585   8.8756888772e-07
3.595   8.79776223428e-07
3.605   8.72085138326e-07
3.615   8.644335594e-07
3.625   8.56955296058e-07
3.635   8.49348282372e-07
3.645   8.41912310534e-07
3.655   8.34523916637e-07
3.665   8.27215671961e-07
3.675   8.19945569219e-07
3.685   8.12793416571e-07
3.695   8.05647403013e-07
3.705   7.98768041932e-07
3.715   7.91629531705e-07
3.725   7.85004544923e-07
3.735   7.79052413691e-07
3.745   7.71024588175e-07
3.755   7.91325931004e-07
3.765   7.57581062771e-07
3.775   7.51441916691e-07
3.785   7.44528279029e-07
3.795   7.37869072509e-07
3.805   7.54746110943e-07
3.815   7.25180655081e-07
3.825   7.1867521001e-07
3.835   7.13801114216e-07
3.845   7.06154935415e-07
3.855   9.91891056401e-07
3.865   7.05193599515e-07
3.875   8.81222888438e-07
3.885   6.81777407863e-07
3.895   1.17043828141e-06
3.905   6.6994783765e-07
3.915   6.80029188516e-07
3.925   6.58251281038e-07
3.935   6.52490371067e-07
3.945   6.46792273074e-07
3.955   6.41134704438e-07
3.965   6.35537048765e-07
3.975   6.29982423561e-07
3.985   6.24469691957e-07
3.995   6.19019488113e-07
4.005   6.13695476659e-07
4.015   6.0816023506e-07
4.025   6.03013631917e-07
4.035   5.97573716732e-07
4.045   5.92430922097e-07
4.055   5.86995099638e-07
4.065   5.82033919727e-07
4.075   5.76779257244e-07
4.085   5.71840075736e-07
4.095   5.66887365494e-07
4.105   5.92065418914e-07
4.115   5.57024861791e-07
4.125   5.52057940695e-07
4.135   5.47339766399e-07
4.145   5.42455552477e-07
4.155   5.3782298437e-07
4.165   5.33018635451e-07
4.175   5.28470593508e-07
4.185   5.23754749793e-07
4.195   5.19278216871e-07
4.205   5.14647240379e-07
4.215   5.10249321906e-07
4.225   5.05700370468e-07
4.235   5.01370095662e-07
4.245   4.96908398873e-07
4.255   4.92620358727e-07
4.265   4.88357216e-07
4.275   4.83998803702e-07
4.285   4.79867196646e-07
4.295   4.75580264947e-07
4.305   4.71519854273e-07
4.315   4.67372984758e-07
4.325   4.63268804651e-07
4.335   4.59243580053e-07
4.345   4.55210852124e-07
4.355   4.51256710221e-07
4.365   4.47298930339e-07
4.375   4.43409561512e-07
4.385   4.39520903228e-07
4.395   4.35700400203e-07
4.405   4.31879158214e-07
4.415   4.28121410323e-07
4.425   4.24371449981e-07
4.435   4.20681971036e-07
4.445   4.16992406826e-07
4.455   4.13364148244e-07
4.465   4.09738873941e-07
4.475   4.06180987511e-07
4.485   4.02612556627e-07
4.495   3.99115606342e-07
4.505   3.95635481709e-07
4.515   4.08707052202e-07
4.525   3.88751686842e-07
4.535   3.85340513276e-07
4.545   3.81988485287e-07
4.555   3.78640152121e-07
4.565   3.75349344495e-07
4.575   4.3169620767e-07
4.585   3.68820849417e-07
4.595   3.65586487305e-07
4.605   3.62404193766e-07
4.615   3.59229204605e-07
4.625   3.56104749244e-07
4.635   3.52980890739e-07
4.645   3.49912312458e-07
4.655   3.46841176224e-07
4.665   3.43824808624e-07
4.675   3.40809918953e-07
4.685   3.37847438914e-07
4.695   3.34882770403e-07
4.705   3.31968550427e-07
4.715   3.29056689452e-07
4.725   3.26200023437e-07
4.735   3.23332244534e-07
4.745   3.20525941788e-07
4.755   3.17724527577e-07
4.765   3.1493550523e-07
4.775   3.12198324082e-07
4.785   3.09459124992e-07
4.795   3.06768583869e-07
4.805   3.04074831092e-07
4.815   3.16924541721e-07
4.825   2.98785153063e-07
4.835   2.96188119364e-07
4.845   2.93589295097e-07
4.855   2.91036428735e-07
4.865   2.88481345478e-07
4.875   2.88658242198e-07
4.885   2.83462441075e-07
4.895   2.80999302049e-07
4.905   2.78529199704e-07
4.915   2.76113411246e-07
4.925   2.80483163806e-07
4.935   2.71309289701e-07
4.945   2.68923457725e-07
4.955   2.66587107944e-07
4.965   2.64244675918e-07
4.975   2.61949168134e-07
4.985   2.5964916972e-07
4.995   2.57392713365e-07
5.005   2.55142140304e-07
5.015   2.52900605346e-07
5.025   2.50703863003e-07
5.035   2.48502914246e-07
5.045   2.46338373699e-07
5.055   2.44175680564e-07
5.065   2.42056614752e-07
5.075   2.3992723186e-07
5.085   2.37844389517e-07
5.095   2.35751215882e-07
5.105   2.3370579072e-07
5.115   2.3165010532e-07
5.125   2.29770066085e-07
5.135   2.27881912451e-07
5.145   2.26074959642e-07
5.155   2.24233943413e-07
5.165   2.23001848099e-07
5.175   2.20527454076e-07
5.185   2.18823757336e-07
5.195   2.16923638163e-07
5.205   2.15217028199e-07
5.215   2.13430936924e-07
5.225   2.11667725125e-07
5.235   2.09954720276e-07
5.245   2.08302012084e-07
5.255   2.06490526011e-07
5.265   2.04872321774e-07
5.275   2.03179240543e-07
5.285   2.01508129294e-07
5.295   1.99868523509e-07
5.305   1.98224299197e-07
5.315   1.96612106151e-07
5.325   1.94995294578e-07
5.335   1.93408922655e-07
5.345   1.91818784856e-07
5.355   1.90258447219e-07
5.365   1.88691217318e-07
5.375   1.87157340292e-07
5.385   1.85841400935e-07
5.395   1.84107861401e-07
5.405   1.82591904263e-07
5.415   1.81108262609e-07
5.425   1.79602736239e-07
5.435   1.78201176482e-07
5.445   1.76730935664e-07
5.455   1.75277776293e-07
5.465   1.7387196749e-07
5.475   1.72471530391e-07
5.485   1.71069672206e-07
5.495   1.69679239548e-07
5.505   1.6835248573e-07
5.515   1.66985913097e-07
5.525   1.65677008113e-07
5.535   1.64424065474e-07
5.545   1.63001985243e-07
5.555   1.61759700745e-07
5.565   1.60409499017e-07
5.575   1.59149166734e-07
5.585   1.57897844133e-07
5.595   1.56620330927e-07
5.605   1.55387141376e-07
5.615   1.54129295993e-07
5.625   1.5291702482e-07
5.635   1.51637649992e-07
5.645   1.50496148876e-07
5.655   1.4928762937e-07
5.665   1.48062497374e-07
5.675   1.46894990394e-07
5.685   1.45748430214e-07
5.695   1.44539143321e-07
5.705   1.43391773122e-07
5.715   1.42298006267e-07
5.725   1.41112010965e-07
5.735   1.39997922588e-07
5.745   1.38887486401e-07
5.755   1.37796916988e-07
5.765   1.36634682235e-07
5.775   1.35587114869e-07
5.785   1.3453551162e-07
5.795   1.33413038839e-07
5.805   1.32359900817e-07
5.815   1.31308468099e-07
5.825   1.30254349529e-07
5.835   1.29221419343e-07
5.845   1.28184169057e-07
5.855   1.27165890262e-07
5.865   1.26144797719e-07
5.875   1.25143273522e-07
5.885   1.24137969237e-07
5.895   1.2315307174e-07
5.905   1.22163825722e-07
5.915   1.21195824931e-07
5.925   1.20220448707e-07
5.935   1.19267923537e-07
5.945   1.18308570052e-07
5.955   1.17369630459e-07
5.965   1.16427635533e-07
5.975   1.15502551523e-07
5.985   1.14575712473e-07
5.995   1.13663197965e-07
6.005   1.12753127723e-07
6.015   1.11848969198e-07
6.025   1.10958062294e-07
6.035   1.10068725689e-07
6.045   1.09195376297e-07
6.055   1.08318118919e-07
6.065   1.07457616139e-07
6.075   1.06594775673e-07
6.085   1.0574795084e-07
6.095   1.04913453924e-07
6.105   1.04068426765e-07
6.115   1.03286133424e-07
6.125   1.02486929165e-07
6.135   1.0168727016e-07
6.145   1.00870138908e-07
6.155   1.00115840951e-07
6.165   9.93385995685e-08
6.175   9.85336470194e-08
6.185   9.78019798481e-08
6.195   9.70370379605e-08
6.205   9.62869250998e-08
6.215   9.55344034992e-08
6.225   9.47696534581e-08
6.235   9.40560269669e-08
6.245   9.33298736072e-08
6.255   9.25776504346e-08
6.265   9.18798050975e-08
6.275   9.11710316132e-08
6.285   9.04381494138e-08
6.295   8.9778133372e-08
6.305   8.90387639174e-08
6.315   8.83629809323e-08
6.325   8.76853860632e-08
6.335   8.6970729285e-08
6.345   8.63269065121e-08
6.355   8.56488782119e-08
6.365   8.49671693004e-08
6.375   8.43343812562e-08
6.385   8.36631457446e-08
6.395   8.30776656358e-08
6.405   8.24529919896e-08
6.415   8.18086220988e-08
6.425   8.21335959245e-08
6.435   8.04778252927e-08
6.445   7.98139012659e-08
6.455   7.92321230847e-08
6.465   8.05043214314e-08
6.475   7.79827473707e-08
6.485   7.74061561515e-08
6.495   8.66075353656e-08
6.505   7.61898562018e-08
6.515   7.55937037411e-08
6.525   7.50096518232e-08
6.535   9.36511383998e-08
6.545   9.75573470896e-08
6.555   7.32720835117e-08
6.565   7.27047435589e-08
6.575   2.16832788169e-07
6.585   7.15795920314e-08
6.595   7.21578743423e-08
6.605   7.04706835108e-08
6.615   2.77696017292e-07
6.625   2.34033365132e-07
6.635   4.72755885994e-07
6.645   6.83049918848e-08
6.655   3.3704066027e-07
6.665   4.68326817327e-07
6.675   6.67220163564e-08
6.685   6.62058283751e-08
6.695   2.91219038218e-07
6.705   6.51803517826e-08
6.715   6.46711129093e-08
6.725   6.4171167935e-08
6.735   6.36698445078e-08
6.745   6.31774881299e-08
6.755   6.26864462561e-08
6.765   6.21962286118e-08
6.775   6.17152764448e-08
6.785   6.12331518823e-08
6.795   6.07596675195e-08
6.805   6.02851457643e-08
6.815   5.98186886691e-08
6.825   5.93514499769e-08
6.835   5.88920592293e-08
6.845   5.8432043204e-08
6.855   5.79803547396e-08
6.865   5.75274619052e-08
6.875   5.70822784596e-08
6.885   5.66356845866e-08
6.895   5.62094335521e-08
6.905   5.57594255213e-08
6.915   5.53567325312e-08
6.925   5.49369900682e-08
6.935   5.45062803781e-08
6.945   5.4106006786e-08
6.955   5.43805356301e-08
6.965   5.32917994178e-08
6.975   5.28747641226e-08
6.985   5.2488047686e-08
6.995   5.20949221539e-08
7.005   5.16986737864e-08
7.015   5.12897742055e-08
7.025   5.09195743348e-08
7.035   5.05317245825e-08
7.045   5.01361441252e-08
7.055   4.9770218169e-08
7.065   4.93949947611e-08
7.075   4.90193734493e-08
7.085   4.86511382292e-08
7.095   4.82689550552e-08
7.105   4.79136801346e-08
7.115   4.75554955415e-08
7.125   4.70897276728e-08
7.135   4.66658143239e-08
7.145   4.63094984582e-08
7.155   4.59498394889e-08
7.165   4.56253026471e-08
7.175   4.52587265443e-08
7.185   4.49248425127e-08
7.195   4.45902479385e-08
7.205   4.42357936947e-08
7.215   4.39190515067e-08
7.225   4.35827232081e-08
7.235   4.32450484311e-08
7.245   4.29390141221e-08
7.255   4.25961950157e-08
7.265   4.22721200266e-08
7.275   4.19732479884e-08
7.285   4.16355376842e-08
7.295   4.1329307976e-08
7.305   4.10144984642e-08
7.315   4.07072420217e-08
7.325   4.03973849927e-08
7.335   4.00933863887e-08
7.345   3.9789593842e-08
7.355   3.94902563983e-08
7.365   3.91899313001e-08
7.375   3.88957097641e-08
7.385   3.85998575325e-08
7.395   3.83101905754e-08
7.405   3.80187650251e-08
7.415   3.77332760593e-08
7.425   3.74502775458e-08
7.435   3.71772870267e-08
7.445   3.68898014358e-08
7.455   3.69506700792e-08
7.465   3.63273180426e-08
7.475   3.60542138367e-08
7.485   4.02223889751e-08
7.495   1.18754492462e-07
7.505   3.52467104392e-08
7.515   3.49747324435e-08
7.525   3.54732136998e-08
7.535   1.31200508235e-07
7.545   3.44689290444e-08
7.555   3.39294032869e-08
7.565   3.3674687927e-08
7.575   3.34180079165e-08
7.585   1.82614613209e-07
7.595   3.76095563581e-08
7.605   3.26677991325e-08
7.615   3.24199724844e-08
7.625   3.21755457833e-08
7.635   3.19312718489e-08
7.645   3.51411237887e-08
7.655   3.14504617904e-08
7.665   3.16079642459e-08
7.675   3.09766434725e-08
7.685   3.07438767777e-08
7.695   3.05162153325e-08
7.705   5.5171618385e-08
7.715   3.00663494102e-08
7.725   4.11421261504e-08
7.735   2.96163733537e-08
7.745   3.40138868182e-08
7.755   4.0503657317e-08
7.765   2.89676407306e-08
7.775   2.87665606891e-08
7.785   2.85528631849e-08
7.795   6.78074272287e-08
7.805   2.81341279162e-08
7.815   2.79295750971e-08
7.825   2.77210574495e-08
7.835   2.75117173487e-08
7.845   2.7315460116e-08
7.855   2.71099693805e-08
7.865   2.69217483861e-08
7.875   4.97763572582e-08
7.885   2.6520812213e-08
7.895   2.63268606915e-08
7.905   2.61240540311e-08
7.915   2.59432049177e-08
7.925   2.57412544613e-08
7.935   2.55612260247e-08
7.945   2.53717260534e-08
7.955   2.51806202556e-08
7.965   2.50057716755e-08
7.975   2.48117579815e-08
7.985   2.46314471042e-08
7.995   2.44554989592e-08
